    int16_t organWaveform[256] = {
        0, 1184, 2337, 3426, 4423, 5304, 6046, 6634, 7058, 7315, 7409, 7349, 7150, 6834, 6425, 5952,
        5444, 4935, 4453, 4026, 3676, 3418, 3261, 3209, 3256, 3390, 3594, 3850, 4136, 4429, 4706, 4945,
        5126, 5233, 5250, 5169, 4984, 4694, 4301, 3814, 3244, 2608, 1923, 1210, 492, -210, -880, -1502,
        -2060, -2544, -2944, -3255, -3474, -3602, -3642, -3601, -3489, -3317, -3102, -2858, -2602, -2354, -2129, -1942,
        -1804, -1725, -1708, -1758, -1872, -2046, -2270, -2533, -2818, -3111, -3395, -3656, -3878, -4049, -4157, -4194,
        -4155, -4042, -3858, -3612, -3311, -2970, -2601, -2220, -1844, -1487, -1164, -886, -665, -509, -422, -406,
        -457, -572, -745, -967, -1228, -1516, -1818, -2122, -2416, -2687, -2925, -3119, -3260, -3342, -3360, -3311,
        -3197, -3019, -2782, -2492, -2158, -1790, -1400, -1000, -603, -220, 137, 460, 741, 976, 1159, 1289,
        1362, 1379, 1341, 1251, 1114, 936, 725, 488, 237, -17, -264, -494, -695, -861, -984, -1059,
        -1083, -1055, -977, -852, -686, -485, -259, -19, 226, 463, 683, 876, 1032, 1145, 1209, 1219,
        1174, 1076, 929, 739, 513, 260, -10, -284, -548, -791, -1004, -1181, -1313, -1396, -1425, -1401,
        -1323, -1195, -1021, -806, -559, -290, -9, 275, 550, 810, 1046, 1250, 1414, 1533, 1602, 1618,
        1578, 1484, 1338, 1146, 915, 654, 372, 80, -210, -488, -744, -970, -1158, -1302, -1398, -1443,
        -1436, -1379, -1272, -1120, -929, -706, -458, -196, 73, 340, 598, 836, 1046, 1222, 1354, 1440,
        1474, 1455, 1381, 1254, 1077, 856, 597, 310, 4, -307, -612, -901, -1164, -1394, -1582, -1723,
        -1811, -1842, -1813, -1723, -1574, -1369, -1113, -812, -474, -110, 271, 660, 1046, 1419, 1768, 2084};
        
    int16_t buzzWaveform[256] = {
        0, 8192, 16384, 24576, 32767, 20000, 10000, 2000, -5000, -12000, -20000, -28000, -32768, -25000, -15000, -8000,
        -2000, 3000, 6000, 8000, 9000, 8500, 7000, 5000, 2000, -1000, -4000, -6000, -7500, -8000, -7500, -6000,
        -4000, -1500, 1000, 3000, 4500, 5500, 5800, 5400, 4500, 3000, 1500, -500, -2000, -3500, -4200, -4500,
        -4200, -3500, -2200, -800, 800, 2000, 3000, 3500, 3600, 3200, 2500, 1500, 400, -700, -1800, -2500,
        -2800, -2700, -2200, -1500, -600, 400, 1200, 1800, 2200, 2200, 1900, 1400, 700, -100, -800, -1400,
        -1700, -1800, -1600, -1100, -500, 100, 700, 1200, 1500, 1500, 1300, 900, 400, -200, -700, -1100,
        -1300, -1300, -1100, -800, -300, 200, 600, 900, 1100, 1100, 900, 600, 300, -100, -500, -800,
        -900, -900, -800, -600, -200, 200, 500, 700, 800, 800, 700, 500, 200, -100, -400, -600,
        -700, -700, -600, -400, -100, 200, 400, 500, 600, 600, 500, 400, 200, -100, -300, -500,
        -500, -500, -400, -300, -100, 100, 300, 400, 400, 400, 400, 300, 100, -100, -200, -400,
        -400, -400, -300, -200, -100, 100, 200, 300, 300, 300, 300, 200, 100, -100, -200, -300,
        -300, -300, -300, -200, -100, 100, 200, 200, 300, 300, 200, 200, 100, -100, -200, -200,
        -300, -300, -200, -200, -100, 100, 200, 200, 200, 200, 200, 100, 100, -100, -100, -200,
        -200, -200, -200, -100, -100, 100, 100, 200, 200, 200, 100, 100, 0, -100, -100, -150,
        -150, -150, -150, -100, 0, 0, 100, 100, 100, 100, 100, 50, 0, -50, -100, -100,
        -100, -100, -100, -50, 0, 0, 50, 50, 50, 50, 50, 0, 0, 0, -50, -50};
